20060280024
4929158
8417846
5992271
5620415
5190650
9239274
4873335
20160105400
4371740
8645608
8109906
20050001425
8264140
9529444
20040012956
20080059171
20110207594
20040132278
5227924
20090031842
4462913
6249273
5899694
20060241759
20140307186
7120858
20150116969
4113058
7092627
20150240843
7608807
20060110212
7435029
7805729
8246509
8686848
20160111680
10052880
7208014
20160330584
20020109850
8526531
20060148036
9936356
20110097589
9764556
9960129
5608509
20070213159
20150089495
20050278284
20150370413
6947506
5768601
3949508
4314710
20140315120
20060267270
8555995
6052958
7727525
8145852
7984935
5363062
8967274
4623478
8729038
20090256952
5148055
20070211389
20160222357
9716807
8047331
20070218263
20100200468
9011652
20120067676
5850414
5040011
20140188160
20180124142
7577857
8424736
5889071
20120330381
20090319430
8889933
7135910
20050247666
20120179654
4014359
9410695
4787727
5567286
7852428
5929169
9420579
5772634
5101452
7747541
20010052730
20090005650
20150094407
20080001149
4356892
8895777
7074772
9246120
20160215508
20050235953
6322441
20150059823
7139250
20140294013
20090218223
4717464
5566643
7716575
5651912
20170224061
20120285736
20110105043
5178089
7863955
20100199464
7172049
5809090
20090192488
20120301816
8033245
7634287
7894157
4775054
20140047137
6986493
20060212083
20080064590
9375129
20160357947
20140026297
20010020951
4988666
5393077
6927104
5417313
9873259
9479826
10146227
20140228948
7916521
20140323681
20110069582
9745588
20160208712
9622191
20120119876
20110263761
5555911
20140124138
20020029230
5121596
8045390
20090035676
20120087381
20130127596
20150071375
5491756
5740857
8177275
20160163626
7471763
9220791
6223309
4310174
8392599
9603955
4702169
6211748
7159490
4433789
20170110482
7197493
4360520
20120228746
20090083159
20060183076
7082357
9116883
20140132656
20100238457
9857013
20170318668
20130067421
20140032369
5069241
20070000511
20160181695
20090039202
20150030615
5957907
7381601
7375288
5801279
20180048607
20050223577
20120138188
9426719
8403558
10075500
5028559
20160050688
20050176532
5942742
8924073
20160053826
4302645
5916971
20050277392
20070025197
9822804
9903684
20130081312
20090017884
8253263
7112204
6110712
20010026680
9661368
20070258246
4318028
20090166190
9813384
10052597
9644701
20140220884
8092032
20020029447
20080237015
20070250403
4604726
20140379005
20170145305
20010033155
6126144
8085680
20140004046
9518695
RE35538
20010039684
7327477
8771907
5339954
20040026145
8544952
5435826
20170054770
7763357
20170180179
8702916
9330504
8541292
5085361
20170299048
7418005
8074140
6273382
9874843
20030127375
5896193
5085538
4078350
7144944
20070258516
9629943
9845691
8249932
5518980
5648137
7731745
20070085860
20110228199
20140232468
20120241696
8903220
7921366
9035269
20170198781
4662015
20050207657
8008013
8431017
8321991
20160155038
20120091316
20170008831
7039003
9549725
9556375
20120023711
20110278019
4792918
4734439
20150016966
20170043705
20140244953
7038423
7454100
5807262
9040848
9367516
7986505
9917788
20110027666
20060072758
20160348611
20050288250
20130202975
7929712
20060110457
9725860
9021654
20160198629
9370529
8540817
7276535
6235731
7779724
20060225898
4251562
7259680
20130307329
8433871
7871852
4344362
20070279870
5792286
6952093
20080316962
4415171
20020123846
8652443
5361851
20080046180
4254779
4625560
4709073
20010053522
20150200939
20130087993
5667308
6142906
7827480
4846238
20100197952
5029105
20020034282
7009200
5770674
20080313898
10042144
20080194080
8791959
7546870
20100149221
4967612
20150229999
9903524
9392881
20120324852
20150346392
5059307
8097733
8486794
7165938
20050254708
8149405
4154861
4306939
20110011823
4277725
8152235
9715981
20090071530
5908892
8502273
20140152235
8799542
8997055
7127135
4853352
4683982
20090023846
20070136517
20060198711
8894269
9962647
6159897
4202454
7159628
20140186833
20160066173
7481098
6685369
7613035
8839424
20130046434
20070199068
4419629
20050167056
5698971
4694869
7518657
9863011
6923926
5314342
20050177014
9742668
20100330182
5128093
20130237986
9761592
4514788
20090044160
5151596
20130274096
8956972
7820690
20120210147
7949308
8398227
20010003491
4553617
7472434
8894445
20050123500
20060143326
4938516
7187910
20070289765
20150356711
20130056539
20130167404
5381870
7229679
20130323083
6326163
5517046
7584852
6143589
9965646
20040111962
5977955
20150342568
10082559
20100079322
20110179098
5138922
9505585
20150068396
6451778
20060246508
5505372
20110145687
20060126566
8902885
20100321344
9640903
20130303063
9272258
6980855
20150233557
7605980
4944780
7577534
7766486
7569469
20060096243
20120119925
8047747
20020036725
4928556
8112573
5678394
20120304004
9345602
4303507
9023800
20070014185
20100237347
20100057795
20180006154
20140300705
20090321215
6038215
20150221598
20050120876
8173918
7428971
5211940
9167726
20070000440
4092111
20120282077
20020095181
20090080842
7073710
20040013044
4774094
6344255
6079402
20060156593
7156579
20090288510
20010028572
10136932
20080214274
5451131
7530082
5929735
8479929
20050085431
20090123154
5679376
4858263
20130122428
4752581
20090026865
20070221002
8380180
20090156824
20160301639
8998344
8726759
20180024901
8424729
20050268008
20100331721
20100013650
20010043918
20120129461
20050234636
5269400
20120249139
7868009
20090299908
20020033478
20020022126
7628620
20080269265
20120086647
20050288633
20120182081
20120138592
9649800
20150351621
8115336
8783560
5169443
6899767
20170313227
5950766
6183655
6100939
8028447
7277830
20100235957
6513229
6214148
20090193317
20080299038
6529304
20070266557
4883007
6689751
20160180611
20050073299
9255292
RE36354
4530512
20130062711
6948502
7372878
8793775
20130151837
4331207
20070142851
7374341
20120242267
5547173
20120105086
20100270604
9129378
20140084772
5375742
7775934
7407159
3974025
20030000150
20060180142
20150091155
8905101
9057804
8523581
20130123430
4401791
4527599
4125852
20080252853
8959993
7864134
5707151
20150238784
20110015159
7404852
7941922
7033531
9018490
7600397
6479542
20140026562
5239548
5984703
20140016760
8408095
20050107112
4543014
9240120
20030148247
20080118423
20110004410
7724795
6174453
8072644
10060911
7135514
8232601
20050145855
20110185111
7174646
9033297
8393929
20090231865
9723789
4955394
20120291417
5106379
20060001726
20090093649
20120235849
20150038174
7439881
4675921
20060005270
20100004580
20060274506
8194030
7595280
20110286946
20100017011
8975707
7081934
6178588
20120112285
7532435
20080272634
20130031694
7621840
20080127915
5568739
20090036210
7092866
20130008117
9451936
20080015545
20100137137
20160332468
20070291470
5646058
20060014921
8104591
20120138826
5690876
20100233018
5026309
7573923
7437888
20120062599
20120166008
7545216
20110299931
20080111125
8043256
7423561
7470353
7023517
20140372414
4258766
9743765
20120321014
20140260579
20110273737
9038527
7565478
20070040247
20060016558
4400109
7276138
9076654
20090171521
7232859
8308178
20090098666
9576937
20070183014
8602734
4791031
4216985
7613406
9283025
20110015458
4624425
20100181964
9173456
9887186
6328631
20110135201
20110161639
9596592
20070147424
9590323
4334230
20100184820
8155267
5373603
7382619
6257148
6362879
20100007854
20150339564
20050028664
8079553
20070125084
8209317
20040003621
20100237665
20050144371
6176985
6127889
20110204097
4677380
20110080905
5952402
20050225357
7864391
9016063
20090154158
20080267079
20160276607
8181879
20020119371
6180654
20160214420
7289290
20120074557
7877335
5296218
20110265438
7898045
6247543
20070246261
4674381
20050192645
9292415
5019283
9622821
20160308899
8539146
20050116891
20060059969
4458525
8292178
8636780
9561930
8672312
5335627
7422689
4555919
20080241374
5259421
20130273537
20160156673
20120291707
20130214979
4706656
8496718
7845418
5944713
4590422
9826734
9317934
20170032568
5028975
6687936
20150165286
8814642
20100193748
9936617
9972500
6149023
20080159054
20130014267
4676684
5721454
RE33384
5609474
9038413
20100296423
7962962
8204057
20060090771
20070206426
7039626
6708634
7254508
5201900
8315626
4421581
9953933
20130324216
8821344
20050287351
6904383
10100810
8881440
20060259855
20100146537
4586726
20030148829
20060216697
20120046879
5171255
4680619
20120297963
20090169932
7050377
20130137163
4879757
4306768
7980891
20100167814
20020102253
9783178
9439837
5586106
6508845
6838373
20030138017
20060150951
7725966
20170374338
20160254745
9268982
9794394
RE43902
9557280
20120031449
5669624
6524939
5900452
20020118116
7666179
20140377168
20070296721
20120290271
4939386
4871143
8480147
20040008240
8165093
6268689
5446510
7390178
5261991
20120058612
20050008731
20090052376
5696460
6375442
20150024903
20060153643
6884061
20040137627
7452577
7330310
7796663
20100141863
20100211599
5356768
4707050