6944602
5608844
5630024
20170032285
5842191
8892485
20120123984
20140365413
20080262988
5136176
20130080361
20130073493
8959040
20150106317
20150127594
8682812
20140324747
20090043722
9135572
20150046382
20160171366
20160189048
5381515
7831531
20050256816
5479573
7603329
20110029471
8504499
20130151448
20150170025
7831527
8250010
5717832
20140180988
20170213154
20140032460
20140019388
20140156575
20030177105
20150269483
20110161267
20120005136
20140310217
8762307
20100235310
20140180989
20150371135
7472096
20130204819
8694451
20110270788
9043254
20110071964
20160140434
9235800
5524177
20120246101
20130132313
20140344196
5155801
20170032281
5416891
5727130
8712935
20160098632
9633307
20160042271
8521669
7908229
20120036096
6321216
20150262057
20050149464
20140379623
20150134580
20160267375
20140081895
5522015
20130318017
20130339280
20110125683
20110125684
20150066826
20150112907
20160247063
8019699
7328194
5504839
20060287969
7080053
8977578
20170032243
20110078100
20140032465
20060010089
20140214739
20140172759
5937398
5452402
20040172375
5256911
8930291
6681215
20130041859
8311961
20170286825
5115492
9292787
5359700
6363369
20150262059
20110270789
20140156576
6839698
9390373
20170068886
20150248608
20150262079
9015093
20130159229
20130073501
20060229817
5388187
20150331832
6128608
20140180986
5235672
5768476
20080222067
8392347
20130218819
20170277995
8732101
7587373
6421654
20140156569
20120023048
20150269480
8775346
20100042567
8346691
20080222061
20130297542
20120323833
5355528
6941287
20140032458
20150371149
20120011093
20150088796
5897629
20090216696
20150262055
6625588
20150242741
8504500
20060036559
5214747
20150242745
20150095274
8990131
20170220942
20150242759
9489620
5583964
20100306141
20170132515
20110125685
8756183
20110145179
9342781
8433663
20180300620
20140180985
20160140436
20180247199
20150039545
20130117211
5630019
9430737
5533169
20160239744
9430734
20160132766
5136178
9704093
20150324689
5235673
7089217
20150347922
7765029
20170140269
5479570
5479577
20130325765
20150112909
20150379398
20160267380
5455892
20040143560
9400954
20170140266
9159020
20140201116
20150032678
20070011114
20140067741
7139739
6341275
20160012331
9208434
20130046715
20100241601
20030055799
20150269485
20150106316
20120158627
20150039546
7664715
20160034811
20040002928
20100082506
20110125686
20160155049
20150193694
20100063949
20170039468
5448682
20150039538
20150170023
20140250036
5448684
5857177
20030023569
20150039543
9002760
9846838
8775341
9147155
20110099136
20130006901
20150006453
20160026913
20150186800
5819247
20120005137
5295228
20150120627
20140136451
8924321
20160307094
5197114
20140250038
8447714
20140143191
20170270404
6185547
20040039543
20140344200
20170068885
6633854
20160217369
5675712
20150339591
9129222
5845271
20120173468
7664714
5761381
20060074827
20030208452
8838514
20130138589
5613041
20160260428
20090192958
6049793
8447706
20150302295
9940573
20130282633
20160034809
5293456
20150248615
20130103626
20120233103
20160019455
6389404
20140201117
20130159231
20150309961
6282529
5303330
20150363691
7058618
5422982
20160086087
20150206048
20130204817
8463722
5390136
7257563
5293458
20140279772
20150134581
8583442
20150074026
20160247061
8504498
20140006316
6363368
20140052679
20150161522
8498951
20150134582
20150278684
20130325770
6449603
20140032461
5487133
20150220833
20170083813
20150088795
20170017878
5473730
20140122398
20130073500
8447712
8214309
20140317035
9092736
20120303565
20130318016
8762303
9189732
5331215
9406016
20170140270
20160098630
5402519
7089218
5640494
20140279771
7403928
5613039
20160253588
20130218821
20120173471
8346692
20150134583
20150170051
7403929
20110161268
9390378
20140143194
5845050
20130073498
5588090
9779356
20130073490
20160048754
6016384
20130325768
20130325776
20150106310
5966701
20130204818
20140032454
8620844
5430830
20150262054
5577166
5166539
5134685
20140067739
20040153426
20150161506
20030149675
9679244
20030014378
20100223220
20170091595
20130346350
20030158827
5764857
5546503
9436910
8065244
20140122400
20130073495
20140310214
20160078339
20110119214
20150379396
5845048
9224102
6260031
8255344
20040111384
20140108315
8498820
8983885
5519812
6061673
5129042
20030023570
20170032280
20150154507
20150170027
6041322
20150324685
8793202
5764860
20130117207
20110055141
20130031040
9026478
20150242744
20030069864
5696881
20130117209
20110137838
20100076916
5347613
20140156574
9349092
5870728
5524175
5799134
20140250039
7890445
20160171155
20150170020
20110082821
20150100529
5729661
9269040
7398257
20120317062
20040162796
20100280982
20140129491
7707128
20130117210
9235801
9489619
20120130929
20140025613
8065248
20050149465
20130073494
20150066818
7363281
5113484
20130073496
5390284
20150066824
20100332422
9311597
5742738
6212508
20120084314
5621863
20140379624
20140310216
20150310329
20130198121
20160247062
20160078349
20040093315
7689919
9852373
20140032464
8700548
9524462
20070094176
20150170055
7305370
9691020
20140114893
6799171
20150363690
20130024409
6047276
20150106314
20080243734
20150278685
20150254554
20140019392
5299286
20150347898
20140046882
5740326
20140067742
20140337263
20170091619
20030126102
20140129496
20150294217
20090319455
8655815
20120054134
20150379394
9047569
20150356403
8762306
20150206049
7895140
20140032455
20170052060
20180082175
7580907
20150379397
20150324686
5479576
20150262058
20140156578
5440671
20090287620
20140337261
20160217368
20150112897
6219658
8909570
20170316310
20150242742
20180039863
20160055410
20150278441
9396431
20140136456
7454388
20170068883
20160203858
20160239736
20150081605
20150220831
20140143190
20140180990
20150248607
8886579
20170213128
5701396
20050240543
8965821
20170344902
20100217735
20140143187
20150254553
6169981
8112373
20080077544
20030236760
20160092766
20140067738
20170293859
7865453
7660773
20130085972
20060074823
9563839
20140032457
20140122397
20150371131
6957200
5475795
20130124440
20030033265
20150286924
7533071
5909676
20160071010
20160162800
9830559
20120054131
7613663
20150006444
8781982
20150262060
9015095
20050256814
20130311413
8170962
20150106311
20150142715
20090327178
20170061326
20130204820
20160117586
7412426
6058386
5581659
6999950
20120150780
20070094165
20140143193
9818057
20090228415
20160140438
20160048756
9536190
20130173512
20150294219
20150317558
8170963
20130311409
20130204814
20150012471
20040143559
20140279773
5175798
20150026109
20160117587
9436907
20170083810
5978782
20170017877
20130006902
20170344879
20150206050
20130031039
20150170022
7627540
9053430
20170300811
20150220829
20110173144
7152051
20130218814
6353816
20130325767
8990130
8468108
5564115
20140344203
20150046381
6539368
20170213126
20120023052
20140279778
20170147940
20150058269
20140122399
20150046380
20140351188
20130304682
8214310
20090281974
20150120632
8788441
20080270330
20120310871
20140032463
20080258767
20120303564
9646261
20150178617
20170017879
20130304683
20170323219
9460401
20150363688
20120022722
5995952
6996549
20090024547
5696882
7606773
20150324691
20130073491
20130254144
20160162783
6061674
20140258194
6311172
7356518
20160224887
20060206573
20150286925
5087826
20130318019
20160283842
8504495
20150269481
5796925
20120130928
20070168311
20130110752
20160086080
20170277658
20080228682
20110055120
20150363687
5659666
10133980
20120036097
20100198765
20160210551
8515885
20150186771
6529887
20110184898
20130304681
20150066825
6032140
20150120626
20140012788
20130232097
20030088532
5701397
8874496
20150081606
5369731
5357597
5590243
20130073492
20150262056
8260734
8880448
20150254556
5274743
20130339281
8103606
8892486
20150356459
20140012789
20170140271
20070288410
20120173470
20120197830
9275327
20090240366
6728691
20130024410
9542645
5832466
20070282772
20090228416
6601052
5764856
20170024643
20040002932
20110161264
20150161505
7657494
20170024641
20170102920
5712959
20140129495
8433665
20180089566
20140244556
20080228683
20150074028
20160019456
20150046383
20150302297
20140201118
20140201111
20150095273
6247001
6064996
5297232
20060074828
20140310218
9171248
20130204808
20150193697
20140297574
5412256
8606732
20140330755
7054850
20020059153
6278985
20100169256
9367796
20140344201
20160217387
20160283864
20120005138
5303329
8793205
20130173516
20140222739
8768871
20130297541
5857178
8788439
20150039544
20150235125
20150120628
20140074761
20130117212
20150248609
20110161263
20170185733
20050049984
20120303566
20170046616
5515477
20130304684
9367819
20140279779
20150120631
20160026912
8818923
20050149463
20130173511
20140344193
20140081893
20170032241
5479578
20160292565
9037524
10055684
20150100531
20180157957
20150286923
20160232440
20100042568
20030154175
20150170052
20150170024
7577624
20160026914
20150106315
20120259804
8862527
20150242746
20120117012
20030163436
20160048757
6782373
8676734
20150324687
20140258199
20140250034
20150235124
20160247064
20160275395
20150106313
6393413
5848402
20150347897
20060074826
20130268252
20140019393
7039621
20160162780
20150278682
20130282628
20130325777
20140019390
20160034808
20160180976
8751416
20160034810
5113482
5276771
20130117213
5835902
20150193696
20180075371
5553195
20060230008
20100268671
5596681
20140172758
20130212053
8515886
20130073497
20160224885
20170300818
20160078363
20120303567
20140207719
20150206069
8862521
20170103315
20140379625
20140351185
5778153
20150058268
20140330763
7937346
7475048
5519811
20140250037
9052896
8909574
20160247066
5390261
20140201115
20150213356
20170039471
5826248
20130073499
8315954